97
0 5 0.865
0 7 0.411
0 12 0.967
0 16 0.462
0 20 0.396
0 22 0.576
0 28 0.503
0 29 0.17
0 30 0.172
0 31 0.989
0 33 0.444
0 42 0.196
0 46 0.215
0 49 0.157
0 50 0.14
0 56 0.82
0 59 0.7
0 61 0.614
0 71 0.002
0 72 0.995
0 74 0.285
0 77 0.237
0 86 0.279
0 95 0.437
0 96 0.87
1 2 0.872
1 4 0.919
1 11 0.214
1 13 0.196
1 15 0.842
1 19 0.947
1 20 0.609
1 22 0.313
1 30 0.578
1 33 0.553
1 38 0.507
1 48 0.992
1 51 0.563
1 63 0.372
1 64 0.769
1 74 0.307
1 78 0.529
1 83 0.084
1 84 0.516
1 89 0.893
1 95 0.778
1 96 0.399
2 3 0.663
2 10 0.046
2 16 0.352
2 17 0.04
2 21 0.229
2 27 0.24
2 33 0.906
2 36 0.799
2 38 0.992
2 40 0.722
2 44 0.535
2 46 0.816
2 49 0.484
2 52 0.836
2 54 0.321
2 65 0.304
2 72 0.528
2 73 0.366
2 75 0.96
2 86 0.704
2 87 0.104
2 88 0.083
2 95 0.141
3 8 0.091
3 15 0.421
3 21 0.808
3 24 0.522
3 26 0.859
3 27 0.666
3 33 0.861
3 44 0.097
3 45 0.742
3 46 0.2
3 50 0.584
3 59 0.271
3 61 0.14
3 62 0.37
3 71 0.872
3 74 0.4
3 78 0.301
3 80 0.177
3 82 0.53
3 90 0.366
3 91 0.179
3 96 0.235
4 7 0.107
4 8 0.6
4 11 0.695
4 12 0.678
4 36 0.731
4 38 0.228
4 47 0.354
4 53 0.707
4 54 0.089
4 63 0.678
4 68 0.358
4 69 0.455
4 75 0.196
4 77 0.261
4 83 0.676
4 89 0.535
4 90 0.982
5 7 0.242
5 10 0.155
5 12 0.771
5 14 0.301
5 28 0.076
5 30 0.871
5 38 0.495
5 45 0.521
5 51 0.392
5 52 0.19
5 56 0.902
5 58 0.239
5 59 0.771
5 67 0.141
5 69 0.964
5 72 0.149
5 74 0.893
5 83 0.163
5 85 0.636
5 87 0.756
5 90 0.07
5 96 0.955
6 8 0.587
6 18 0.826
6 19 0.052
6 30 0.52
6 35 0.296
6 36 0.888
6 42 0.616
6 43 0.153
6 46 0.336
6 50 0.149
6 52 0.743
6 53 0.466
6 54 0.121
6 57 0.908
6 64 0.942
6 68 0.513
6 69 0.979
6 70 0.842
6 80 0.296
6 82 0.065
6 85 0.184
6 88 0.772
6 90 0.614
6 91 0.828
6 95 0.807
7 8 0.27
7 12 0.544
7 14 0.233
7 15 0.102
7 26 0.018
7 27 0.347
7 29 0.209
7 31 0.675
7 37 0.313
7 42 0.36
7 47 0.768
7 49 0.457
7 50 0.672
7 55 0.708
7 64 0.876
7 70 0.338
7 73 0.623
7 76 0.225
7 81 0.308
7 83 0.219
7 85 0.434
7 94 0.573
7 96 0.418
8 9 0.655
8 15 0.77
8 17 0.013
8 18 0.166
8 23 0.911
8 34 0.384
8 36 0.721
8 46 0.57
8 53 0.332
8 54 0.053
8 59 0.025
8 60 0.963
8 61 0.638
8 64 0.985
8 65 0.97
8 69 0.878
8 72 0.236
8 79 0.295
8 84 0.422
8 95 0.985
8 96 0.121
9 12 0.089
9 14 0.735
9 20 0.359
9 25 0.933
9 30 0.068
9 31 0.945
9 38 0.026
9 40 0.025
9 41 0.785
9 42 0.368
9 46 0.22
9 50 0.287
9 54 0.31
9 56 0.623
9 58 0.826
9 59 0.297
9 60 0.245
9 63 0.281
9 65 0.618
9 66 0.255
9 68 0.407
9 69 0.123
9 76 0.16
9 84 0.404
10 12 0.02
10 15 0.751
10 24 0.32
10 27 0.961
10 29 0.344
10 40 0.467
10 43 0.171
10 47 0.829
10 48 0.081
10 51 0.826
10 55 0.584
10 59 0.675
10 68 0.662
10 75 0.142
10 77 0.246
10 81 0.689
11 12 0.646
11 14 0.077
11 18 0.914
11 19 0.365
11 21 0.839
11 22 0.795
11 29 0.118
11 39 0.346
11 49 0.261
11 62 0.172
11 64 0.161
11 66 0.424
11 68 0.407
11 96 0.8
12 13 0.662
12 30 0.079
12 35 0.377
12 37 0.922
12 39 0.75
12 43 0.342
12 51 0.949
12 61 0.14
12 65 0.075
12 66 0.459
12 67 0.262
12 71 0.379
12 77 0.451
12 78 0.647
12 80 0.307
12 82 0.468
12 84 0.063
12 90 0.447
12 94 0.245
13 21 0.408
13 24 0.933
13 28 0.024
13 35 0.978
13 41 0.098
13 42 0.383
13 45 0.948
13 52 0.68
13 53 0.881
13 60 0.372
13 61 0.707
13 63 0.901
13 70 0.921
13 76 0.259
13 82 0.097
13 83 0.146
13 84 0.466
13 90 0.014
14 15 0.96
14 23 0.161
14 26 0.678
14 28 0.987
14 32 0.227
14 33 0.819
14 39 0.103
14 48 0.169
14 53 0.925
14 54 0.541
14 58 0.783
14 59 0.491
14 60 0.978
14 64 0.572
14 75 0.768
14 90 0.026
14 93 0.997
14 96 0.049
15 18 0.644
15 22 0.873
15 27 0.981
15 30 0.027
15 35 0.861
15 36 0.668
15 40 0.669
15 48 0.258
15 51 0.971
15 53 0.887
15 54 0.948
15 57 0.267
15 61 0.928
15 68 0.942
15 75 0.421
15 76 0.182
15 82 0.185
15 85 0.664
15 87 0.072
16 17 0.286
16 19 0.158
16 23 0.345
16 28 0.982
16 30 0.789
16 31 0.479
16 32 0.368
16 35 0.611
16 38 0.173
16 41 0.414
16 42 0.274
16 43 0.518
16 44 0.663
16 50 0.867
16 56 0.854
16 60 0.38
16 70 0.647
16 82 0.242
16 85 0.649
16 86 0.541
16 87 0.971
16 88 0.166
16 90 0.988
16 93 0.271
16 94 0.637
16 95 0.743
17 18 0.11
17 31 0.41
17 37 0.454
17 43 0.786
17 52 0.259
17 53 0.013
17 54 0.019
17 55 0.46
17 58 0.681
17 59 0.415
17 60 0.663
17 61 0.286
17 63 0.804
17 72 0.996
17 75 0.27
17 81 0.674
17 83 0.239
17 85 0.426
17 86 0.121
18 21 0.081
18 24 0.023
18 28 0.325
18 30 0.966
18 32 0.785
18 39 0.593
18 44 0.773
18 45 0.503
18 48 0.671
18 57 0.124
18 61 0.237
18 67 0.892
18 68 0.773
18 70 0.262
18 73 0.019
18 80 0.548
18 81 0.519
18 95 0.65
18 96 0.57
19 20 0.105
19 22 0.662
19 24 0.723
19 27 0.038
19 28 0.284
19 32 0.37
19 40 0.373
19 42 0.232
19 44 0.939
19 47 0.3
19 51 0.477
19 59 0.755
19 62 0.022
19 72 0.125
19 74 0.012
19 89 0.863
20 34 0.241
20 46 0.228
20 48 0.882
20 52 0.491
20 53 0.713
20 54 0.613
20 57 0.173
20 63 0.585
20 67 0.501
20 68 0.819
20 75 0.255
20 76 0.445
20 83 0.767
20 86 0.737
20 88 0.43
20 89 0.363
20 93 0.958
20 95 0.23
21 25 0.657
21 27 0.536
21 29 0.66
21 33 0.484
21 36 0.625
21 38 0.614
21 44 0.93
21 49 0.72
21 55 0.331
21 64 0.31
21 69 0.273
21 80 0.616
21 83 0.395
21 85 0.548
21 89 0.542
21 92 0.704
21 95 0.939
22 25 0.799
22 27 0.489
22 34 0.425
22 35 0.515
22 36 0.691
22 39 0.011
22 42 0.282
22 50 0.207
22 55 0.035
22 61 0.779
22 62 0.627
22 67 0.834
22 68 0.332
22 74 0.644
22 75 0.587
22 79 0.245
22 88 0.524
22 95 0.811
23 24 0.991
23 26 0.386
23 34 0.294
23 39 0.157
23 44 0.297
23 46 0.93
23 48 0.289
23 49 0.147
23 50 0.43
23 55 0.846
23 59 0.248
23 60 0.803
23 61 0.76
23 66 0.128
23 67 0.302
23 69 0.626
23 70 0.061
23 76 0.974
23 81 0.482
23 82 0.026
23 84 0.582
23 88 0.039
23 92 0.648
23 95 0.084
23 96 0.639
24 30 0.938
24 34 0.602
24 35 0.145
24 36 0.921
24 40 0.799
24 45 0.516
24 46 0.82
24 51 0.124
24 53 0.574
24 56 0.831
24 57 0.132
24 62 0.261
24 68 0.883
24 80 0.942
24 81 0.335
24 86 0.426
24 87 0.101
24 91 0.541
24 95 0.945
25 27 0.48
25 28 0.55
25 29 0.001
25 35 0.105
25 37 0.178
25 49 0.299
25 50 0.012
25 52 0.449
25 54 0.053
25 57 0.977
25 62 0.965
25 63 0.11
25 64 0.514
25 68 0.449
25 71 0.11
25 78 0.837
25 79 0.106
25 81 0.417
25 82 0.012
25 84 0.892
25 85 0.085
25 87 0.229
25 88 0.257
25 92 0.729
25 95 0.064
26 28 0.626
26 38 0.846
26 40 0.456
26 49 0.177
26 53 0.244
26 54 0.302
26 68 0.757
26 74 0.093
26 76 0.118
26 78 0.289
26 80 0.355
26 84 0.508
26 85 0.341
27 28 0.363
27 30 0.183
27 34 0.51
27 44 0.102
27 46 0.802
27 50 0.304
27 51 0.121
27 52 0.152
27 53 0.8
27 55 0.806
27 56 0.198
27 63 0.984
27 66 0.629
27 78 0.576
27 94 0.652
28 37 0.594
28 44 0.381
28 48 0.984
28 52 0.731
28 55 0.081
28 60 0.827
28 65 0.365
28 70 0.905
28 75 0.833
28 87 0.268
28 91 0.484
29 36 0.168
29 39 0.726
29 40 0.719
29 48 0.348
29 54 0.382
29 62 0.718
29 64 0.638
29 68 0.219
29 69 0.786
29 72 0.153
29 77 0.011
29 83 0.354
29 84 0.687
29 86 0.48
29 91 0.664
30 33 0.881
30 39 0.683
30 40 0.064
30 56 0.631
30 58 0.2
30 60 0.503
30 67 0.848
30 72 0.429
30 74 0.172
30 82 0.216
30 84 0.647
30 86 0.92
30 87 0.225
31 33 0.486
31 34 0.998
31 36 0.493
31 40 0.998
31 48 0.351
31 49 0.074
31 56 0.45
31 57 0.615
31 60 0.396
31 64 0.874
31 68 0.279
31 69 0.15
31 71 0.529
31 72 0.719
31 83 0.905
32 38 0.655
32 40 0.23
32 48 0.156
32 55 0.113
32 65 0.376
32 66 0.881
32 75 0.699
32 77 0.579
32 81 0.484
32 84 0.139
32 85 0.24
32 87 0.614
33 36 0.656
33 38 0.271
33 46 0.176
33 48 0.937
33 51 0.893
33 53 0.848
33 59 0.42
33 66 0.625
33 71 0.499
33 72 0.725
33 78 0.73
33 79 0.471
33 96 0.769
34 45 0.043
34 47 0.551
34 54 0.633
34 56 0.45
34 62 0.658
34 64 0.025
34 67 0.261
34 74 0.49
34 83 0.331
34 88 0.803
34 92 0.021
35 36 0.544
35 43 0.969
35 47 0.831
35 53 0.685
35 60 0.855
35 61 0.814
35 63 0.592
35 77 0.774
35 87 0.579
35 88 0.422
35 89 0.875
35 94 0.844
35 96 0.074
36 41 0.463
36 42 0.51
36 43 0.642
36 57 0.736
36 59 0.193
36 60 0.468
36 64 0.073
36 66 0.328
36 67 0.317
36 73 0.481
36 80 0.683
36 84 0.144
36 85 0.269
36 92 0.981
36 93 0.618
37 38 0.303
37 39 0.425
37 40 0.128
37 41 0.775
37 42 0.79
37 44 0.277
37 47 0.272
37 64 0.871
37 71 0.972
37 79 0.289
37 80 0.086
37 84 0.232
37 86 0.882
38 43 0.108
38 46 0.185
38 50 0.412
38 51 0.554
38 53 0.748
38 55 0.092
38 63 0.862
38 64 0.111
38 70 0.261
38 77 0.231
38 79 0.745
38 85 0.475
38 86 0.971
38 89 0.379
38 93 0.921
38 96 0.09
39 40 0.472
39 42 0.469
39 49 0.907
39 51 0.336
39 57 0.63
39 59 0.514
39 79 0.736
39 83 0.988
39 86 0.352
39 89 0.813
39 91 0.512
39 94 0.449
39 96 0.27
40 41 0.54
40 49 0.456
40 50 0.682
40 51 0.702
40 54 0.281
40 56 0.42
40 60 0.519
40 68 0.565
40 72 0.149
40 75 0.015
40 79 0.395
40 80 0.974
40 89 0.378
40 92 0.7
41 42 0.985
41 44 0.642
41 45 0.245
41 52 0.947
41 64 0.124
41 67 0.815
41 72 0.708
41 73 0.748
41 77 0.874
41 79 0.272
41 80 0.337
41 82 0.936
41 86 0.49
41 87 0.079
41 89 0.62
41 94 0.67
42 43 0.096
42 45 0.373
42 48 0.799
42 49 0.162
42 56 0.912
42 59 0.866
42 72 0.943
42 74 0.657
42 76 0.133
42 77 0.305
42 83 0.31
42 84 0.191
42 85 0.033
42 93 0.716
42 96 0.748
43 45 0.796
43 52 0.187
43 54 0.32
43 62 0.745
43 64 0.619
43 71 0.101
43 76 0.302
43 87 0.346
44 46 0.84
44 47 0.157
44 52 0.356
44 53 0.523
44 55 0.8
44 56 0.9
44 58 0.137
44 59 0.805
44 62 0.532
44 63 0.746
44 64 0.049
44 67 0.69
44 72 0.689
44 75 0.053
44 77 0.868
44 81 0.788
44 85 0.679
44 86 0.574
44 87 0.756
44 88 0.588
44 89 0.334
44 95 0.811
44 96 0.769
45 50 0.13
45 51 0.071
45 54 0.509
45 60 0.839
45 63 0.271
45 64 0.454
45 66 0.886
45 68 0.813
45 69 0.639
45 70 0.88
45 72 0.961
45 88 0.234
45 92 0.938
46 47 0.86
46 50 0.445
46 64 0.328
46 65 0.271
46 74 0.818
46 78 0.962
46 82 0.586
46 87 0.403
46 91 0.059
46 94 0.201
46 95 0.888
47 53 0.23
47 55 0.125
47 60 0.283
47 66 0.747
47 67 0.576
47 82 0.121
47 84 0.93
47 89 0.435
48 49 0.033
48 60 0.617
48 63 0.519
48 66 0.072
48 69 0.237
48 76 0.732
48 82 0.922
48 86 0.355
49 51 0.431
49 60 0.302
49 61 0.616
49 68 0.063
49 76 0.983
49 79 0.824
49 81 0.859
49 82 0.044
49 85 0.528
49 95 0.475
49 96 0.246
50 61 0.958
50 67 0.492
50 70 0.001
50 72 0.602
50 73 0.556
50 76 0.624
50 80 0.947
50 89 0.615
50 91 0.746
50 93 0.165
50 94 0.134
50 96 0.61
51 71 0.196
51 77 0.106
51 81 0.908
51 87 0.023
51 90 0.194
51 91 0.039
51 95 0.057
52 54 0.314
52 63 0.166
52 65 0.692
52 67 0.596
52 70 0.024
52 76 0.648
52 78 0.104
52 80 0.675
52 81 0.263
52 86 0.467
52 87 0.969
52 89 0.072
52 91 0.313
52 93 0.334
52 96 0.536
53 57 0.39
53 59 0.882
53 60 0.654
53 64 0.413
53 67 0.704
53 68 0.986
53 72 0.793
53 75 0.015
53 86 0.246
53 87 0.665
53 89 0.048
53 93 0.404
53 94 0.901
53 96 0.782
54 65 0.702
54 71 0.755
54 72 0.379
54 77 0.268
54 80 0.024
54 82 0.52
54 83 0.055
54 85 0.227
54 86 0.366
54 90 0.822
54 92 0.689
55 61 0.531
55 65 0.741
55 68 0.752
55 70 0.835
55 78 0.081
55 84 0.082
55 91 0.272
55 95 0.376
56 59 0.94
56 62 0.207
56 66 0.095
56 78 0.338
56 84 0.839
56 88 0.452
56 89 0.799
57 59 0.349
57 60 0.346
57 71 0.172
57 76 0.242
57 79 0.638
57 81 0.926
57 91 0.257
58 63 0.524
58 68 0.778
58 71 0.316
58 72 0.982
58 76 0.791
58 89 0.258
58 90 0.904
59 63 0.271
59 66 0.859
59 67 0.258
59 70 0.371
59 73 0.268
59 81 0.86
59 84 0.852
59 86 0.262
59 89 0.112
59 90 0.853
59 91 0.403
59 92 0.388
59 95 0.81
60 63 0.01
60 64 0.413
60 65 0.472
60 69 0.522
60 72 0.717
60 73 0.273
60 81 0.904
60 84 0.694
60 85 0.004
60 89 0.357
60 96 0.566
61 67 0.756
61 80 0.244
61 84 0.084
62 63 0.128
62 66 0.942
62 67 0.361
62 69 0.337
62 70 0.521
62 72 0.714
62 73 0.937
62 77 0.705
62 86 0.683
62 89 0.194
62 92 0.565
62 93 0.542
62 94 0.335
63 71 0.959
63 76 0.912
63 92 0.168
63 96 0.153
64 74 0.74
64 76 0.012
64 83 0.881
64 84 0.6
64 85 0.473
64 91 0.198
64 96 0.684
65 69 0.954
65 70 0.684
65 82 0.168
65 83 0.586
65 88 0.1
65 93 0.214
65 94 0.872
66 68 0.609
66 71 0.711
66 77 0.265
66 82 0.522
66 83 0.308
66 88 0.513
66 94 0.028
67 68 0.663
67 80 0.317
67 86 0.042
67 94 0.645
67 95 0.78
67 96 0.297
68 74 0.705
68 76 0.893
68 82 0.904
68 84 0.304
68 86 0.245
68 89 0.241
68 90 0.794
68 92 0.415
68 93 0.68
68 96 0.721
69 73 0.118
69 89 0.341
69 90 0.647
70 71 0.633
70 74 0.251
70 86 0.304
70 87 0.587
70 91 0.381
70 94 0.211
71 73 0.331
71 76 0.29
71 81 0.883
71 82 0.243
72 74 0.188
72 80 0.674
72 83 0.517
72 85 0.711
72 87 0.129
72 88 0.697
73 75 0.001
73 78 0.826
73 83 0.414
74 77 0.663
74 78 0.604
74 89 0.566
74 96 0.68
75 78 0.877
75 87 0.463
75 88 0.825
75 89 0.417
75 93 0.609
75 96 0.635
76 83 0.814
76 84 0.903
76 85 0.632
76 86 0.887
76 87 0.039
76 88 0.279
76 95 0.059
77 80 0.727
77 87 0.445
77 91 0.231
77 93 0.3
78 82 0.748
78 83 0.992
78 84 0.518
78 89 0.09
78 91 0.833
79 80 0.799
79 81 0.272
79 89 0.516
79 91 0.8
79 96 0.02
80 88 0.699
80 90 0.053
80 91 0.083
81 87 0.647
81 90 0.816
82 84 0.375
82 86 0.952
83 84 0.416
83 89 0.488
83 93 0.925
84 87 0.148
84 94 0.464
84 95 0.032
85 89 0.269
85 90 0.734
85 93 0.819
86 88 0.504
86 89 0.47
86 90 0.058
86 93 0.439
87 90 0.716
87 95 0.729
87 96 0.968
88 89 0.255
88 92 0.676
89 90 0.168
89 94 0.9
92 96 0.331
93 95 0.657