27
0 7 0.625
0 9 0.323
0 15 0.933
0 18 0.346
0 19 0.633
1 20 0.079
1 26 0.418
2 5 0.985
2 9 0.232
2 13 0.104
2 18 0.25
2 20 0.51
2 22 0.087
2 26 0.251
3 5 0.099
3 9 0.594
3 12 0.606
3 13 0.004
3 26 0.195
4 9 0.599
4 21 0.656
4 25 0.655
5 6 0.407
5 10 0.027
5 20 0.671
6 8 0.848
6 11 0.226
6 14 0.571
6 23 0.8
6 25 0.942
7 13 0.717
7 22 0.846
7 26 0.291
8 14 0.825
8 19 0.753
8 21 0.854
8 23 0.095
9 14 0.072
9 21 0.819
9 22 0.431
9 24 0.964
9 25 0.144
10 12 0.99
10 13 0.664
10 25 0.503
10 26 0.64
11 13 0.77
11 14 0.159
11 19 0.577
11 20 0.486
12 15 0.938
12 19 0.699
12 23 0.046
14 16 0.983
14 20 0.287
14 24 0.712
14 25 0.441
15 17 0.213
15 20 0.658
16 19 0.139
16 20 0.687
17 21 0.627
17 22 0.274
18 24 0.9
19 20 0.951
19 21 0.964
19 23 0.862
20 24 0.555
20 25 0.837
21 25 0.64
22 23 0.655