47
0 8 0.003
0 9 0.019
0 11 0.027
0 12 0.145
0 18 0.18
0 20 0.405
0 22 0.339
0 25 0.206
0 27 0.885
0 36 0.894
0 38 0.804
0 40 0.484
0 41 0.1
0 42 0.135
0 43 0.401
0 45 0.347
1 3 0.422
1 8 0.651
1 13 0.268
1 14 0.75
1 17 0.593
1 18 0.195
1 20 0.309
1 23 0.043
1 24 0.831
1 30 0.631
1 31 0.078
1 34 0.06
1 41 0.905
1 44 0.749
1 46 0.673
2 3 0.157
2 6 0.429
2 8 0.266
2 9 0.469
2 13 0.521
2 14 0.841
2 15 0.061
2 16 0.459
2 19 0.796
2 20 0.694
2 21 0.785
2 23 0.309
2 24 0.271
2 27 0.463
2 33 0.413
2 34 0.829
2 35 0.336
2 36 0.613
2 37 0.906
2 39 0.663
2 40 0.508
2 42 0.076
2 46 0.736
3 5 0.528
3 6 0.881
3 8 0.423
3 10 0.736
3 13 0.678
3 18 0.434
3 19 0.331
3 20 0.704
3 23 0.299
3 32 0.481
3 39 0.117
3 40 0.329
3 43 0.265
4 6 0.898
4 10 0.336
4 16 0.029
4 17 0.72
4 18 0.49
4 21 0.808
4 26 0.743
4 27 0.255
4 31 0.956
4 33 0.602
4 43 0.706
4 44 0.908
4 46 0.271
5 6 0.136
5 10 0.879
5 13 0.915
5 14 0.204
5 15 0.168
5 17 0.25
5 18 0.689
5 19 0.681
5 23 0.697
5 27 0.337
5 29 0.134
5 30 0.535
5 31 0.735
5 33 0.311
5 36 0.186
5 40 0.749
5 42 0.72
5 43 0.39
5 44 0.446
5 46 0.118
6 9 0.824
6 12 0.818
6 14 0.899
6 16 0.513
6 18 0.707
6 25 0.644
6 28 0.091
6 34 0.301
6 35 0.623
6 38 0.146
6 42 0.205
6 44 0.372
6 45 0.834
7 12 0.11
7 14 0.755
7 20 0.895
7 21 0.246
7 22 0.504
7 23 0.761
7 25 0.647
7 26 0.125
7 28 0.649
7 32 0.944
7 36 0.539
7 37 0.008
7 39 0.793
7 40 0.695
7 41 0.805
7 44 0.23
7 46 0.376
8 14 0.588
8 17 0.114
8 18 0.486
8 19 0.843
8 20 0.379
8 21 0.223
8 22 0.178
8 25 0.988
8 29 0.349
8 31 0.444
8 32 0.325
8 34 0.53
8 35 0.463
8 41 0.339
8 44 0.446
9 10 0.336
9 11 0.247
9 12 0.252
9 14 0.074
9 22 0.024
9 23 0.034
9 24 0.09
9 25 0.53
9 34 0.354
9 35 0.893
9 37 0.534
9 39 0.585
9 40 0.863
9 41 0.937
9 45 0.343
9 46 0.686
10 12 0.336
10 20 0.11
10 26 0.046
10 30 0.013
10 35 0.334
10 38 0.631
10 39 0.381
10 45 0.16
11 12 0.784
11 15 0.227
11 18 0.986
11 19 0.723
11 23 0.655
11 24 0.096
11 26 0.555
11 27 0.22
11 28 0.512
11 30 0.839
11 31 0.044
11 32 0.707
11 34 0.266
11 39 0.224
11 40 0.655
11 41 0.497
11 42 0.4
11 46 0.638
12 14 0.139
12 16 0.61
12 18 0.362
12 19 0.946
12 22 0.444
12 24 0.116
12 28 0.16
12 37 0.597
12 42 0.274
12 43 0.917
12 44 0.16
13 14 0.491
13 16 0.254
13 17 0.518
13 19 0.057
13 23 0.489
13 26 0.114
13 36 0.289
13 37 0.456
13 41 0.172
13 43 0.544
13 46 0.709
14 15 0.795
14 16 0.026
14 17 0.453
14 20 0.053
14 21 0.361
14 23 0.087
14 33 0.135
14 34 0.185
14 36 0.325
14 37 0.296
14 40 0.959
14 43 0.515
14 46 0.732
15 16 0.338
15 19 0.028
15 22 0.968
15 23 0.352
15 26 0.113
15 28 0.588
15 30 0.675
15 34 0.298
15 36 0.669
15 39 0.023
15 40 0.959
15 42 0.057
15 43 0.017
15 45 0.417
15 46 0.841
16 19 0.6
16 20 0.585
16 30 0.25
16 32 0.414
16 34 0.538
16 40 0.779
16 42 0.058
16 43 0.151
16 45 0.397
17 22 0.446
17 24 0.243
17 33 0.05
17 36 0.715
17 37 0.825
17 39 0.021
17 41 0.502
17 45 0.693
18 21 0.94
18 26 0.809
18 27 0.821
18 37 0.928
19 22 0.527
19 28 0.571
19 33 0.826
19 35 0.703
19 37 0.691
19 39 0.112
19 41 0.299
19 43 0.184
19 44 0.002
19 45 0.882
20 21 0.296
20 25 0.988
20 27 0.406
20 28 0.18
20 29 0.11
20 35 0.697
20 37 0.625
20 38 0.02
20 41 0.958
20 42 0.247
20 43 0.812
20 44 0.555
20 46 0.739
21 24 0.767
21 26 0.008
21 27 0.747
21 28 0.761
21 29 0.673
21 31 0.266
21 33 0.22
21 34 0.749
21 36 0.394
21 43 0.253
21 46 0.467
22 24 0.369
22 28 0.265
22 29 0.636
22 31 0.312
22 38 0.908
22 39 0.541
22 41 0.392
22 42 0.407
22 43 0.505
22 44 0.839
23 24 0.176
23 25 0.154
23 26 0.683
23 27 0.226
23 30 0.18
23 31 0.174
23 35 0.714
23 36 0.513
23 37 0.795
23 40 0.197
23 43 0.223
23 44 0.767
24 25 0.965
24 26 0.868
24 30 0.096
24 31 0.152
24 32 0.72
24 34 0.929
24 37 0.624
24 39 0.784
24 42 0.291
24 43 0.936
24 45 0.176
25 30 0.161
25 35 0.974
25 36 0.304
25 37 0.383
25 38 0.832
25 41 0.684
25 45 0.567
25 46 0.253
26 32 0.648
26 35 0.914
26 38 0.598
26 39 0.925
26 43 0.956
26 44 0.306
27 31 0.784
27 35 0.22
27 36 0.955
27 38 0.587
27 39 0.531
27 40 0.509
27 42 0.468
27 44 0.197
27 46 0.467
28 29 0.827
28 32 0.027
28 34 0.157
28 36 0.098
28 44 0.405
28 45 0.99
29 30 0.805
29 31 0.115
29 38 0.314
29 39 0.314
29 45 0.764
29 46 0.694
30 31 0.719
30 34 0.433
30 38 0.066
30 41 0.248
30 43 0.827
30 44 0.832
30 45 0.699
31 32 0.209
31 33 0.801
31 37 0.306
31 39 0.513
31 41 0.173
31 43 0.83
31 44 0.067
31 46 0.378
32 34 0.809
32 36 0.448
32 39 0.607
32 42 0.16
32 45 0.008
33 39 0.91
33 41 0.461
33 44 0.279
33 45 0.047
34 38 0.681
34 39 0.832
34 44 0.889
35 40 0.575
35 45 0.578
36 38 0.822
36 39 0.783
36 41 0.896
36 42 0.323
36 43 0.185
36 45 0.892
37 40 0.851
37 46 0.959
38 39 0.893
38 42 0.333
38 46 0.665
39 41 0.631
39 44 0.929
40 42 0.766
40 44 0.553
40 45 0.621
41 43 0.232
41 45 0.392
42 44 0.116
42 45 0.99
42 46 0.753
44 45 0.982