15
0 1 0.745
0 2 0.915
0 3 0.267
0 4 0.214
0 5 0.309
0 6 0.085
0 7 0.457
0 8 0.722
0 10 0.446
0 11 0.123
0 12 0.8
0 13 0.861
0 14 0.664
1 2 0.247
1 3 0.207
1 4 0.159
1 5 0.783
1 6 0.905
1 7 0.957
1 8 0.181
1 9 0.278
1 10 0.116
1 11 0.482
1 12 0.769
1 14 0.146
2 3 0.984
2 4 0.922
2 5 0.678
2 6 0.012
2 7 0.468
2 8 0.105
2 10 0.478
2 11 0.612
2 12 0.392
2 13 0.29
2 14 0.988
3 4 0.794
3 5 0.58
3 7 0.53
3 8 0.829
3 10 0.825
3 11 0.891
3 12 0.528
3 14 0.104
4 6 0.049
4 7 0.61
4 9 0.856
4 10 0.157
4 11 0.689
4 12 0.374
4 13 0.366
4 14 0.93
5 6 0.87
5 7 0.217
5 9 0.509
5 10 0.306
5 11 0.24
5 13 0.965
5 14 0.156
6 7 0.351
6 8 0.441
6 9 0.772
6 10 0.752
6 11 0.074
6 12 0.31
6 13 0.639
6 14 0.811
7 8 0.253
7 10 0.367
7 11 0.093
7 12 0.462
7 14 0.379
8 10 0.38
8 11 0.264
8 12 0.678
8 13 0.242
8 14 0.501
9 10 0.608
9 11 0.656
9 12 0.566
9 13 0.404
9 14 0.335
10 11 0.749
10 12 0.734
10 13 0.482
10 14 0.879
11 12 0.089
11 13 0.859
11 14 0.953
12 14 0.207
13 14 0.176